# Hackney CDA2 data notes, Saturday 20150919, stowler

_Includes 6 h overtime: 4p-10p._

Contents
=================

  * [FAILED: FIX for taskFT: melodicFixStandard10-gnuParallel12.ica](#failed-fix-for-taskft-melodicfixstandard10-gnuparallel12ica)
  * [FIX for taskFT: melodicFixStandard10-gnuParallel10.ica](#fix-for-taskft-melodicfixstandard10-gnuparallel10ica)
  * [OMT regressors: extracted and sanitized filenames](#omt-regressors-extracted-and-sanitized-filenames)
  * [OMT regressors: sanitized white space and EOFs](#omt-regressors-sanitized-white-space-and-eofs)

# FAILED: FIX for taskFT: melodicFixStandard10-gnuParallel12.ica

Another batch of alternative FIX parameters for taskFT. 

```bash
[16:09:26]-[stowler-local]-at-[pano]-in-[~/src.mywork.gitRepos/proj.mh.cda2] on master
$ ./08.2.fix-taskFT-parallelRuns.sh

###################################################################
Launching parallel executions of 08.1.fix-singleRun.sh

parallelFixRuns    : 12
fixWeightsFile     : /opt/fix/training_files/Standard.RData
fixThresh          : 10
executionSuffix    : gnuParallel12
###################################################################

#...snip...

[21:52:44]-[stowler-local]-at-[pano]-in-[~/src.mywork.gitRepos/proj.mh.cda2] on master [?]
$ cat errorLog.txt
Error Time: 09/19/2015 21:03:36
Error using fread
Invalid file identifier. Use fopen to generate a valid file identifier.
```

# FIX for taskFT: melodicFixStandard10-gnuParallel10.ica

Another batch of alternative FIX parameters for taskFT. Reduced parallel jobs from 12 to 10 following above fread error.

```bash
[22:09:05]-[stowler-local]-at-[pano]-in-[~/src.mywork.gitRepos/proj.mh.cda2] on master [?]
$ ./08.2.fix-taskFT-parallelRuns.sh

###################################################################
Launching parallel executions of 08.1.fix-singleRun.sh

parallelFixRuns    : 10
fixWeightsFile     : /opt/fix/training_files/Standard.RData
fixThresh          : 10
executionSuffix    : gnuParallel10
###################################################################

#...snip...

[04:38:40]-[stowler-local]-at-[pano]-in-[~/src.mywork.gitRepos/proj.mh.cda2] on master [?]
```

# OMT regressors: extracted and sanitized filenames

For posterity, here are the task timing regressors as extracted from box.com downloads with their original filenames and paths:

```bash
[17:18:18]-[stowler-local]-at-[tasaki]-in-[~/boxDownloads-unzipped]
$ find . | grep -i txt | grep -i regressors
./OA/OMT OA regressors_IG_EG_voice/EG_OMT001_seq4132.txt
./OA/OMT OA regressors_IG_EG_voice/EG_OMT002_seq2143.txt
./OA/OMT OA regressors_IG_EG_voice/EG_OMT003_seq3412.txt
./OA/OMT OA regressors_IG_EG_voice/EG_OMT004_seq1243.txt
./OA/OMT OA regressors_IG_EG_voice/EG_OMT005_seq2341.txt
./OA/OMT OA regressors_IG_EG_voice/EG_OMT006_seq4213.txt
./OA/OMT OA regressors_IG_EG_voice/EG_OMT007_seq4321.txt
./OA/OMT OA regressors_IG_EG_voice/EG_OMT008_seq3421.txt
./OA/OMT OA regressors_IG_EG_voice/EG_OMT009_seq1423.txt
./OA/OMT OA regressors_IG_EG_voice/EG_OMT010_seq1423.txt
./OA/OMT OA regressors_IG_EG_voice/EG_OMT011_seq2341.txt
./OA/OMT OA regressors_IG_EG_voice/EG_OMT012_seq3142.txt
./OA/OMT OA regressors_IG_EG_voice/EG_OMT013_seq2413.txt
./OA/OMT OA regressors_IG_EG_voice/EG_OMT015_seq4213.txt
./OA/OMT OA regressors_IG_EG_voice/EG_OMT016_seq3241.txt
./OA/OMT OA regressors_IG_EG_voice/EG_OMT021_seq1423.txt
./OA/OMT OA regressors_IG_EG_voice/EG_OMT023_seq4321.txt
./OA/OMT OA regressors_IG_EG_voice/EG_OMT024_seq3412.txt
./OA/OMT OA regressors_IG_EG_voice/EG_OMT025_seq1324.txt
./OA/OMT OA regressors_IG_EG_voice/EG_OMT028_seq1423.txt
./OA/OMT OA regressors_IG_EG_voice/EG_OMT029_seq1243.txt
./OA/OMT OA regressors_IG_EG_voice/EG_OMT030_seq3142.txt
./OA/OMT OA regressors_IG_EG_voice/EG_OMT031_seq2143.txt
./OA/OMT OA regressors_IG_EG_voice/IG_OMT001_seq4132.txt
./OA/OMT OA regressors_IG_EG_voice/IG_OMT002_seq2143.txt
./OA/OMT OA regressors_IG_EG_voice/IG_OMT003_seq3412.txt
./OA/OMT OA regressors_IG_EG_voice/IG_OMT004_seq1243.txt
./OA/OMT OA regressors_IG_EG_voice/IG_OMT005_seq2341.txt
./OA/OMT OA regressors_IG_EG_voice/IG_OMT006_seq4213.txt
./OA/OMT OA regressors_IG_EG_voice/IG_OMT007_seq4321.txt
./OA/OMT OA regressors_IG_EG_voice/IG_OMT008_seq3421.txt
./OA/OMT OA regressors_IG_EG_voice/IG_OMT009_seq1423.txt
./OA/OMT OA regressors_IG_EG_voice/IG_OMT010_seq1423.txt
./OA/OMT OA regressors_IG_EG_voice/IG_OMT011_seq2341.txt
./OA/OMT OA regressors_IG_EG_voice/IG_OMT012_seq3142.txt
./OA/OMT OA regressors_IG_EG_voice/IG_OMT013_seq2413.txt
./OA/OMT OA regressors_IG_EG_voice/IG_OMT015_seq4213.txt
./OA/OMT OA regressors_IG_EG_voice/IG_OMT016_seq3241.txt
./OA/OMT OA regressors_IG_EG_voice/IG_OMT021_seq1423.txt
./OA/OMT OA regressors_IG_EG_voice/IG_OMT023_seq4321.txt
./OA/OMT OA regressors_IG_EG_voice/IG_OMT024_seq3412.txt
./OA/OMT OA regressors_IG_EG_voice/IG_OMT025_seq1324.txt
./OA/OMT OA regressors_IG_EG_voice/IG_OMT028_seq1423.txt
./OA/OMT OA regressors_IG_EG_voice/IG_OMT029_seq1243.txt
./OA/OMT OA regressors_IG_EG_voice/IG_OMT030_seq3142.txt
./OA/OMT OA regressors_IG_EG_voice/IG_OMT031_seq2143.txt
./OA/OMT OA regressors_IG_EG_voice/VoiceRegressors_OMT001.txt
./OA/OMT OA regressors_IG_EG_voice/VoiceRegressors_OMT002.txt
./OA/OMT OA regressors_IG_EG_voice/VoiceRegressors_OMT003.txt
./OA/OMT OA regressors_IG_EG_voice/VoiceRegressors_OMT004.txt
./OA/OMT OA regressors_IG_EG_voice/VoiceRegressors_OMT005.txt
./OA/OMT OA regressors_IG_EG_voice/VoiceRegressors_OMT006.txt
./OA/OMT OA regressors_IG_EG_voice/VoiceRegressors_OMT007.txt
./OA/OMT OA regressors_IG_EG_voice/VoiceRegressors_OMT008.txt
./OA/OMT OA regressors_IG_EG_voice/VoiceRegressors_OMT009.txt
./OA/OMT OA regressors_IG_EG_voice/VoiceRegressors_OMT010.txt
./OA/OMT OA regressors_IG_EG_voice/VoiceRegressors_OMT011.txt
./OA/OMT OA regressors_IG_EG_voice/VoiceRegressors_OMT012.txt
./OA/OMT OA regressors_IG_EG_voice/VoiceRegressors_OMT013.txt
./OA/OMT OA regressors_IG_EG_voice/VoiceRegressors_OMT015.txt
./OA/OMT OA regressors_IG_EG_voice/VoiceRegressors_OMT016.txt
./OA/OMT OA regressors_IG_EG_voice/VoiceRegressors_OMT021.txt
./OA/OMT OA regressors_IG_EG_voice/VoiceRegressors_OMT023.txt
./OA/OMT OA regressors_IG_EG_voice/VoiceRegressors_OMT024.txt
./OA/OMT OA regressors_IG_EG_voice/VoiceRegressors_OMT025.txt
./OA/OMT OA regressors_IG_EG_voice/VoiceRegressors_OMT028.txt
./OA/OMT OA regressors_IG_EG_voice/VoiceRegressors_OMT029.txt
./OA/OMT OA regressors_IG_EG_voice/VoiceRegressors_OMT030.txt
./OA/OMT OA regressors_IG_EG_voice/VoiceRegressors_OMT031.txt
./PDF/PDF regressors/EG_OMT201post_seq2134.txt
./PDF/PDF regressors/EG_OMT201pre_seq4321.txt
./PDF/PDF regressors/EG_OMT202pre_seq3124.txt
./PDF/PDF regressors/EG_OMT203post_seq4312.txt
./PDF/PDF regressors/EG_OMT203pre_seq4132.txt
./PDF/PDF regressors/EG_OMT204post_seq1342.txt
./PDF/PDF regressors/EG_OMT204pre_seq1432.txt
./PDF/PDF regressors/EG_OMT205post_seq1324.txt
./PDF/PDF regressors/EG_OMT205pre_seq4132.txt
./PDF/PDF regressors/EG_OMT206post_seq4132.txt
./PDF/PDF regressors/EG_OMT206pre_seq1342.txt
./PDF/PDF regressors/EG_OMT207post_seq2413.txt
./PDF/PDF regressors/EG_OMT207pre_seq1243.txt
./PDF/PDF regressors/EG_OMT211post_seq2134.txt
./PDF/PDF regressors/EG_OMT211pre_seq4321.txt
./PDF/PDF regressors/EG_OMT214pre_seq1342.txt
./PDF/PDF regressors/EG_OMT215pre_seq4321.txt
./PDF/PDF regressors/EG_OMT219pre_seq4132.txt
./PDF/PDF regressors/EG_OMT220pre_seq3142.txt
./PDF/PDF regressors/EG_OMT221pre_seq1432.txt
./PDF/PDF regressors/EG_OMT222pre_seq3421.txt
./PDF/PDF regressors/EG_OMT223pre_seq2314.txt
./PDF/PDF regressors/EG_OMT225pre_seq4132.txt
./PDF/PDF regressors/EG_OMT226pre_seq1342.txt
./PDF/PDF regressors/IG_OMT201post_seq2134.txt
./PDF/PDF regressors/IG_OMT201pre_seq4321.txt
./PDF/PDF regressors/IG_OMT202pre_seq3124.txt
./PDF/PDF regressors/IG_OMT203post_seq4312.txt
./PDF/PDF regressors/IG_OMT203pre_seq4132.txt
./PDF/PDF regressors/IG_OMT204post_seq1342.txt
./PDF/PDF regressors/IG_OMT204pre_seq1432.txt
./PDF/PDF regressors/IG_OMT205post_seq1324.txt
./PDF/PDF regressors/IG_OMT205pre_seq4132.txt
./PDF/PDF regressors/IG_OMT206post_seq4132.txt
./PDF/PDF regressors/IG_OMT206pre_seq1342.txt
./PDF/PDF regressors/IG_OMT207post_seq2413.txt
./PDF/PDF regressors/IG_OMT207pre_seq1243.txt
./PDF/PDF regressors/IG_OMT211post_seq2134.txt
./PDF/PDF regressors/IG_OMT211pre_seq4321.txt
./PDF/PDF regressors/IG_OMT214pre_seq1342.txt
./PDF/PDF regressors/IG_OMT215pre_seq4321.txt
./PDF/PDF regressors/IG_OMT219pre_seq4132.txt
./PDF/PDF regressors/IG_OMT220pre_seq3142.txt
./PDF/PDF regressors/IG_OMT221pre_seq1432.txt
./PDF/PDF regressors/IG_OMT222pre_seq3421.txt
./PDF/PDF regressors/IG_OMT223pre_seq2314.txt
./PDF/PDF regressors/IG_OMT225pre_seq4132.txt
./PDF/PDF regressors/IG_OMT226pre_seq1342.txt
./PDF/PDF regressors/VoiceRegressors_OMT201pre.txt
./PDF/PDF regressors/VoiceRegressors_OMT202pre.txt
./PDF/PDF regressors/VoiceRegressors_OMT203pre.txt
./PDF/PDF regressors/VoiceRegressors_OMT204pre.txt
./PDF/PDF regressors/VoiceRegressors_OMT205pre.txt
./PDF/PDF regressors/VoiceRegressors_OMT206pre.txt
./PDF/PDF regressors/VoiceRegressors_OMT207pre.txt
./PDF/PDF regressors/VoiceRegressors_OMT211pre.txt
./PDF/PDF regressors/VoiceRegressors_OMT214.txt
./PDF/PDF regressors/VoiceRegressors_OMT215.txt
./PDL/PDL regressors/EG_OMT102post_seq1342.txt
./PDL/PDL regressors/EG_OMT102pre_seq1324.txt
./PDL/PDL regressors/EG_OMT103pre_seq3412.txt
./PDL/PDL regressors/EG_OMT105pre_seq2134.txt
./PDL/PDL regressors/EG_OMT106post_seq4321.txt
./PDL/PDL regressors/EG_OMT106pre_seq3241.txt
./PDL/PDL regressors/EG_OMT108post_seq1234.txt
./PDL/PDL regressors/EG_OMT108pre_seq4123.txt
./PDL/PDL regressors/EG_OMT110post_seq2413.txt
./PDL/PDL regressors/EG_OMT110pre_seq1432.txt
./PDL/PDL regressors/EG_OMT111pre_seq2134.txt
./PDL/PDL regressors/EG_OMT113pre_seq1234.txt
./PDL/PDL regressors/EG_OMT114pre_seq4123.txt
./PDL/PDL regressors/EG_OMT115pre_seq1342.txt
./PDL/PDL regressors/EG_OMT116pre_seq1423.txt
./PDL/PDL regressors/EG_OMT117pre_seq2413.txt
./PDL/PDL regressors/EG_OMT119pre_seq1432.txt
./PDL/PDL regressors/EG_OMT120pre_seq1432.txt
./PDL/PDL regressors/EG_OMT121pre_seq3124.txt
./PDL/PDL regressors/EG_OMT122pre_seq2143.txt
./PDL/PDL regressors/EG_OMT125pre_seq1432.txt
./PDL/PDL regressors/IG_OMT102post_seq1342.txt
./PDL/PDL regressors/IG_OMT102pre_seq1324.txt
./PDL/PDL regressors/IG_OMT103pre_seq3412.txt
./PDL/PDL regressors/IG_OMT105pre_seq2134.txt
./PDL/PDL regressors/IG_OMT106post_seq4321.txt
./PDL/PDL regressors/IG_OMT106pre_seq3241.txt
./PDL/PDL regressors/IG_OMT108post_seq1234.txt
./PDL/PDL regressors/IG_OMT108pre_seq4123.txt
./PDL/PDL regressors/IG_OMT110post_seq2413.txt
./PDL/PDL regressors/IG_OMT110pre_seq1432.txt
./PDL/PDL regressors/IG_OMT111pre_seq2134.txt
./PDL/PDL regressors/IG_OMT113pre_seq1234.txt
./PDL/PDL regressors/IG_OMT114pre_seq4123.txt
./PDL/PDL regressors/IG_OMT115pre_seq1342.txt
./PDL/PDL regressors/IG_OMT116pre_seq1423.txt
./PDL/PDL regressors/IG_OMT117pre_seq2413.txt
./PDL/PDL regressors/IG_OMT119pre_seq1432.txt
./PDL/PDL regressors/IG_OMT120pre_seq1432.txt
./PDL/PDL regressors/IG_OMT121pre_seq3124.txt
./PDL/PDL regressors/IG_OMT122pre_seq2143.txt
./PDL/PDL regressors/IG_OMT125pre_seq1432.txt
./PDL/PDL regressors/VoiceRegressors_OMT102pre.txt
./PDL/PDL regressors/VoiceRegressors_OMT103pre.txt
./PDL/PDL regressors/VoiceRegressors_OMT105pre.txt
./PDL/PDL regressors/VoiceRegressors_OMT106pre.txt
./PDL/PDL regressors/VoiceRegressors_OMT108pre.txt
./PDL/PDL regressors/VoiceRegressors_OMT110pre.txt
./PDL/PDL regressors/VoiceRegressors_OMT111.txt
./PDL/PDL regressors/VoiceRegressors_OMT113.txt
./PDL/PDL regressors/VoiceRegressors_OMT114pre.txt
./PDL/PDL regressors/VoiceRegressors_OMT115.txt
./PDL/PDL regressors/VoiceRegressors_OMT117.txt
./PDL/PDL regressors/VoiceRegressors_OMT119.txt
./PDS/PDS regressors/EG_OMT301post_seq4132.txt
./PDS/PDS regressors/EG_OMT301pre_seq3124.txt
./PDS/PDS regressors/EG_OMT302post_seq2314.txt
./PDS/PDS regressors/EG_OMT302pre_seq1324.txt
./PDS/PDS regressors/EG_OMT304post_seq3241.txt
./PDS/PDS regressors/EG_OMT304pre_seq4321.txt
./PDS/PDS regressors/EG_OMT305post_seq1234.txt
./PDS/PDS regressors/EG_OMT305pre_seq3412.txt
./PDS/PDS regressors/EG_OMT308post_seq4312.txt
./PDS/PDS regressors/EG_OMT308pre_seq3214.txt
./PDS/PDS regressors/EG_OMT310post_seq3421.txt
./PDS/PDS regressors/EG_OMT310pre_seq2341.txt
./PDS/PDS regressors/EG_OMT311post_seq2143.txt
./PDS/PDS regressors/EG_OMT311pre_seq3421.txt
./PDS/PDS regressors/EG_OMT312post_seq4132.txt
./PDS/PDS regressors/EG_OMT312pre_seq4312.txt
./PDS/PDS regressors/EG_OMT314post_seq4321.txt
./PDS/PDS regressors/EG_OMT314pre_seq1423.txt
./PDS/PDS regressors/EG_OMT315post_seq2413.txt
./PDS/PDS regressors/EG_OMT315pre_seq1432.txt
./PDS/PDS regressors/EG_OMT317post_seq3124.txt
./PDS/PDS regressors/EG_OMT317pre_seq2431.txt
./PDS/PDS regressors/EG_OMT318pre_seq4132.txt
./PDS/PDS regressors/EG_OMT320pre_seq4312.txt
./PDS/PDS regressors/IG_OMT301post_seq4132.txt
./PDS/PDS regressors/IG_OMT301pre_seq3124.txt
./PDS/PDS regressors/IG_OMT302post_seq2314.txt
./PDS/PDS regressors/IG_OMT302pre_seq1324.txt
./PDS/PDS regressors/IG_OMT304post_seq3241.txt
./PDS/PDS regressors/IG_OMT304pre_seq4321.txt
./PDS/PDS regressors/IG_OMT305post_seq1234.txt
./PDS/PDS regressors/IG_OMT305pre_seq3412.txt
./PDS/PDS regressors/IG_OMT308post_seq4312.txt
./PDS/PDS regressors/IG_OMT308pre_seq3214.txt
./PDS/PDS regressors/IG_OMT310post_seq3421.txt
./PDS/PDS regressors/IG_OMT310pre_seq2341.txt
./PDS/PDS regressors/IG_OMT311post_seq2143.txt
./PDS/PDS regressors/IG_OMT311pre_seq3421.txt
./PDS/PDS regressors/IG_OMT312post_seq4132.txt
./PDS/PDS regressors/IG_OMT312pre_seq4312.txt
./PDS/PDS regressors/IG_OMT314post_seq4321.txt
./PDS/PDS regressors/IG_OMT314pre_seq1423.txt
./PDS/PDS regressors/IG_OMT315post_seq2413.txt
./PDS/PDS regressors/IG_OMT315pre_seq1432.txt
./PDS/PDS regressors/IG_OMT317pre_seq2431.txt
./PDS/PDS regressors/IG_OMT318pre_seq4132.txt
./PDS/PDS regressors/IG_OMT320pre_seq4312.txt
./PDS/PDS regressors/VoiceRegressors_OMT301.txt
./PDS/PDS regressors/VoiceRegressors_OMT302.txt
./PDS/PDS regressors/VoiceRegressors_OMT304.txt
./PDS/PDS regressors/VoiceRegressors_OMT305.txt
./PDS/PDS regressors/VoiceRegressors_OMT308.txt
./PDS/PDS regressors/VoiceRegressors_OMT310.txt
./PDS/PDS regressors/VoiceRegressors_OMT311.txt
./PDS/PDS regressors/VoiceRegressors_OMT312.txt
./PDS/PDS regressors/VoiceRegressors_OMT314.txt
./PDS/PDS regressors/VoiceRegressors_OMT315.txt
./PDS/PDS regressors/VoiceRegressors_OMT317.txt
./PDS/PDS regressors/VoiceRegressors_OMT318.txt
./PDS/PDS regressors/VoiceRegressors_OMT320.txt
```

Renamed regressors after collecting into a single directory:

```bash
# for EG and IG regressors, first make caps and session naming
# consistent with current image names:
$ for fileOrig in ?G_OMT{0,1,2,3}*.txt; do \
fileNew=`echo $fileOrig | sed 's/OMT/omt/' | sed 's/pre/s01/' | sed 's/post/s02/'`; \
mv $fileOrig $fileNew; \
done

# MH's omt0?? regressors have no session label. After confirming that
# all of my omt0?? images are only session 1 images ("s01"), I added
# "s01" to her omt0?? regressor filenames: 
$ ls -d1 acqfiles-nifti/omt0??s?? derivedData/omt0??s??
acqfiles-nifti/omt001s01
acqfiles-nifti/omt002s01
acqfiles-nifti/omt003s01
acqfiles-nifti/omt004s01
acqfiles-nifti/omt006s01
acqfiles-nifti/omt007s01
acqfiles-nifti/omt008s01
acqfiles-nifti/omt009s01
acqfiles-nifti/omt010s01
acqfiles-nifti/omt011s01
acqfiles-nifti/omt012s01
acqfiles-nifti/omt013s01
acqfiles-nifti/omt015s01
acqfiles-nifti/omt021s01
acqfiles-nifti/omt022s01
acqfiles-nifti/omt023s01
acqfiles-nifti/omt024s01
acqfiles-nifti/omt025s01
acqfiles-nifti/omt027s01
acqfiles-nifti/omt028s01
acqfiles-nifti/omt029s01
acqfiles-nifti/omt030s01
acqfiles-nifti/omt031s01
derivedData/omt001s01
derivedData/omt002s01
derivedData/omt003s01
derivedData/omt004s01
derivedData/omt006s01
derivedData/omt007s01
derivedData/omt008s01
derivedData/omt009s01
derivedData/omt010s01
derivedData/omt011s01
derivedData/omt012s01
derivedData/omt013s01
derivedData/omt015s01
derivedData/omt021s01
derivedData/omt022s01
derivedData/omt023s01
derivedData/omt024s01
derivedData/omt025s01
derivedData/omt027s01
derivedData/omt028s01
derivedData/omt029s01
derivedData/omt030s01
derivedData/omt031s01

$ for fileOrig in ?G_omt0*; do \
fileNew=`echo $fileOrig | sed 's/_seq/s01_seq/'`; \
mv $fileOrig $fileNew; \
done
```

Copied the renamed regressors into the repo's `regressors-taskTiming` folder and committed before doing any editing.

# OMT regressors: sanitized white space and EOFs

Variations in white space and EOFs need to be corrected. Regressor files currently end with varying numbers of blank lines, and some of them are missing new-line characters at end-of-file.

```bash
# the input files have strangely variable line counts:
$ wc -l *.txt | awk '{print $1}' | sort -n | uniq
3
4
5
6
7
8
11
12
913

#...more details of the variability:
$ wc ?G_omt*.txt | less
       5      24      94 EG_omt001s01_seq4132.txt
       6      24      96 EG_omt002s01_seq2143.txt
       8      24     100 EG_omt003s01_seq3412.txt
       6      24      96 EG_omt004s01_seq1243.txt
       4      24      92 EG_omt005s01_seq2341.txt
       4      24      92 EG_omt006s01_seq4213.txt
       4      24      92 EG_omt007s01_seq4321.txt
       4      24      92 EG_omt008s01_seq3421.txt
       4      24      92 EG_omt009s01_seq1423.txt
       4      24      92 EG_omt010s01_seq1423.txt
       4      24      92 EG_omt011s01_seq2341.txt
       4      24      92 EG_omt012s01_seq3142.txt
       4      24      92 EG_omt013s01_seq2413.txt
       4      24      92 EG_omt015s01_seq4213.txt
       4      24      92 EG_omt016s01_seq3241.txt
       4      24      92 EG_omt021s01_seq1423.txt
       4      24      92 EG_omt023s01_seq4321.txt
       8      24     100 EG_omt024s01_seq3412.txt
       4      24      92 EG_omt025s01_seq1324.txt
       4      24      92 EG_omt028s01_seq1423.txt
       6      24      96 EG_omt029s01_seq1243.txt
       4      24      92 EG_omt030s01_seq3142.txt
       6      24      96 EG_omt031s01_seq2143.txt
       4      24      92 EG_omt102s01_seq1324.txt
       4      24      92 EG_omt102s02_seq1342.txt
       8      24     100 EG_omt103s01_seq3412.txt
       7      24      98 EG_omt105s01_seq2134.txt
       4      24      92 EG_omt106s01_seq3241.txt
       4      24      92 EG_omt106s02_seq4321.txt
       4      24      92 EG_omt108s01_seq4123.txt
       4      24      92 EG_omt108s02_seq1234.txt
       3      24      90 EG_omt110s01_seq1432.txt
       4      24      92 EG_omt110s02_seq2413.txt
       7      24      98 EG_omt111s01_seq2134.txt
       4      24      92 EG_omt113s01_seq1234.txt
       4      24      92 EG_omt114s01_seq4123.txt
       4      24      92 EG_omt115s01_seq1342.txt
#...snip...
       8      24     101 IG_omt001s01_seq4132.txt
      11      24     107 IG_omt002s01_seq2143.txt
      12      24     109 IG_omt003s01_seq3412.txt
      11      24     107 IG_omt004s01_seq1243.txt
       4      24      92 IG_omt005s01_seq2341.txt
       4      24      92 IG_omt006s01_seq4213.txt
       4      24      92 IG_omt007s01_seq4321.txt
       4      24      92 IG_omt008s01_seq3421.txt
       4      24      92 IG_omt009s01_seq1423.txt
       4      24      92 IG_omt010s01_seq1423.txt
       4      24      92 IG_omt011s01_seq2341.txt
       4      24      92 IG_omt012s01_seq3142.txt
       4      24      92 IG_omt013s01_seq2413.txt
       4      24      92 IG_omt015s01_seq4213.txt
       4      24      92 IG_omt016s01_seq3241.txt
       4      24      92 IG_omt021s01_seq1423.txt
       4      24      92 IG_omt023s01_seq4321.txt
      12      24     109 IG_omt024s01_seq3412.txt
       4      24      92 IG_omt025s01_seq1324.txt
       4      24      92 IG_omt028s01_seq1423.txt
      11      24     107 IG_omt029s01_seq1243.txt
       4      24      92 IG_omt030s01_seq3142.txt
      11      24     107 IG_omt031s01_seq2143.txt
       4      24      92 IG_omt102s01_seq1324.txt
       3      24      90 IG_omt102s02_seq1342.txt
      12      24     109 IG_omt103s01_seq3412.txt
      12      24     109 IG_omt105s01_seq2134.txt
       4      24      92 IG_omt106s01_seq3241.txt
       4      24      92 IG_omt106s02_seq4321.txt
       7      24      99 IG_omt108s01_seq4123.txt
       4      24      92 IG_omt108s02_seq1234.txt
#...snip...

# ...more details:
$ for file in ?G_omt*.txt; do echo $file; cat $file; done
EG_omt001s01_seq4132.txt
15 42 123 150 231 258
42 69 150 177 258 285
15 42 123 204 258 285
42 96 123 150 204 231

EG_omt002s01_seq2143.txt
42 96 123 150 204 231
42 69 150 177 258 285
15 42 123 150 231 258
15 42 123 204 258 285


EG_omt003s01_seq3412.txt
15 42 123 204 258 285
15 42 123 150 231 258
42 69 150 177 258 285
42 96 123 150 204 231




EG_omt004s01_seq1243.txt
42 69 150 177 258 285
42 96 123 150 204 231
15 42 123 150 231 258
15 42 123 204 258 285


EG_omt005s01_seq2341.txt
42 96 123 150 204 231
15 42 123 204 258 285
15 42 123 150 231 258
42 69 150 177 258 285
EG_omt006s01_seq4213.txt
15 42 123 150 231 258
42 96 123 150 204 231
42 69 150 177 258 285
15 42 123 204 258 285
EG_omt007s01_seq4321.txt
15 42 123 150 231 258
15 42 123 204 258 285
42 96 123 150 204 231
42 69 150 177 258 285


#...snip...

EG_omt110s01_seq1432.txt
42 69 150 177 258 285
15 42 123 150 231 258
15 42 123 204 258 285
42 96 123 150 204 231EG_omt110s02_seq2413.txt
42 96 123 150 204 231
15 42 123 150 231 258
42 69 150 177 258 285
15 42 123 204 258 285
EG_omt111s01_seq2134.txt
42 96 123 150 204 231
42 69 150 177 258 285
15 42 123 204 258 285
15 42 123 150 231 258



EG_omt113s01_seq1234.txt
42 69 150 177 258 285
42 96 123 150 204 231
15 42 123 204 258 285
15 42 123 150 231 258
EG_omt114s01_seq4123.txt
15 42 123 150 231 258
42 69 150 177 258 285
42 96 123 150 204 231
15 42 123 204 258 285
EG_omt115s01_seq1342.txt
42 69 150 177 258 285
15 42 123 204 258 285
15 42 123 150 231 258
42 96 123 150 204 231

#...snip...
```

To resolve this, I first eliminated all blank lines and whitespace at EOL:

```bash
$ for file in *.txt; do sed -i '/^[[:space:]]*$/d;s/[[:space:]]*$//' $file; done

$ wc ?G_omt*.txt
    4    24    88 EG_omt001s01_seq4132.txt
    4    24    88 EG_omt002s01_seq2143.txt
    4    24    88 EG_omt003s01_seq3412.txt
    4    24    88 EG_omt004s01_seq1243.txt
    4    24    88 EG_omt005s01_seq2341.txt
    4    24    88 EG_omt006s01_seq4213.txt
    4    24    88 EG_omt007s01_seq4321.txt
    4    24    88 EG_omt008s01_seq3421.txt
    4    24    88 EG_omt009s01_seq1423.txt
    4    24    88 EG_omt010s01_seq1423.txt
    4    24    88 EG_omt011s01_seq2341.txt
    4    24    88 EG_omt012s01_seq3142.txt
    4    24    88 EG_omt013s01_seq2413.txt
    4    24    88 EG_omt015s01_seq4213.txt
    4    24    88 EG_omt016s01_seq3241.txt
    4    24    88 EG_omt021s01_seq1423.txt
    4    24    88 EG_omt023s01_seq4321.txt
    4    24    88 EG_omt024s01_seq3412.txt
    4    24    88 EG_omt025s01_seq1324.txt
    4    24    88 EG_omt028s01_seq1423.txt
    4    24    88 EG_omt029s01_seq1243.txt
    4    24    88 EG_omt030s01_seq3142.txt
    4    24    88 EG_omt031s01_seq2143.txt
    4    24    88 EG_omt102s01_seq1324.txt
    4    24    88 EG_omt102s02_seq1342.txt
    4    24    88 EG_omt103s01_seq3412.txt
    4    24    88 EG_omt105s01_seq2134.txt
    4    24    88 EG_omt106s01_seq3241.txt
    4    24    88 EG_omt106s02_seq4321.txt
    4    24    88 EG_omt108s01_seq4123.txt
    4    24    88 EG_omt108s02_seq1234.txt
    3    24    87 EG_omt110s01_seq1432.txt
    4    24    88 EG_omt110s02_seq2413.txt
#...snip...
```

Then I fixed the files that were missing the new-line character at EOF (e.g., `EG_omt110s01_seq1432.txt`):

```bash
$ for file in *.txt; do if [ -n "`tail -1c $file`" ]; then echo >> $file; fi; done

# Now all files are accurately detected as having four lines:
$ wc -l *.txt | awk '{print $1}' | uniq
4
732

# ...detailed proof of the fix (compare with output above):
$ for file in ?G_omt*.txt; do echo $file; cat $file; done
#...snip...
EG_omt110s01_seq1432.txt
42 69 150 177 258 285
15 42 123 150 231 258
15 42 123 204 258 285
42 96 123 150 204 231
EG_omt110s02_seq2413.txt
42 96 123 150 204 231
15 42 123 150 231 258
42 69 150 177 258 285
15 42 123 204 258 285
EG_omt111s01_seq2134.txt
42 96 123 150 204 231
42 69 150 177 258 285
15 42 123 204 258 285
15 42 123 150 231 258
EG_omt113s01_seq1234.txt
42 69 150 177 258 285
42 96 123 150 204 231
15 42 123 204 258 285
15 42 123 150 231 258
EG_omt114s01_seq4123.txt
15 42 123 150 231 258
42 69 150 177 258 285
42 96 123 150 204 231
15 42 123 204 258 285
EG_omt115s01_seq1342.txt
42 69 150 177 258 285
15 42 123 204 258 285
15 42 123 150 231 258
42 96 123 150 204 231
EG_omt116s01_seq1423.txt
42 69 150 177 258 285
15 42 123 150 231 258
42 96 123 150 204 231
15 42 123 204 258 285
$...snip...
```

OMT regressors: verify consistency

Each run-order variation (denoted by regressor file name) should have consistent timing.

```bash
# get a list of the unique run orders encoded in the regressor file
# names:
$ ls | sed 's/^.*_seq//' | sort -n | uniq | tee -a /tmp/runOrders.txt
1234.txt
1243.txt
1324.txt
1342.txt
1423.txt
1432.txt
2134.txt
2143.txt
2314.txt
2341.txt
2413.txt
2431.txt
3124.txt
3142.txt
3214.txt
3241.txt
3412.txt
3421.txt
4123.txt
4132.txt
4213.txt
4312.txt
4321.txt

#...but somehow the EOL is corrupted in a way that prevents scripts
# from processing *${suffix}. Viewed in vim:
1234.txt^[[0m
1243.txt^[[0m
1324.txt^[[0m
1342.txt^[[0m
1423.txt^[[0m
1432.txt^[[0m
2134.txt^[[0m
2143.txt^[[0m
2314.txt^[[0m
2341.txt^[[0m
2413.txt^[[0m
2431.txt^[[0m
3124.txt^[[0m
3142.txt^[[0m
3214.txt^[[0m
3241.txt^[[0m
3412.txt^[[0m
3421.txt^[[0m
4123.txt^[[0m
4132.txt^[[0m
4213.txt^[[0m
4312.txt^[[0m
4321.txt^[[0m

```

TBD: fix this so that a script can iterate over `*${suffix}` in order to confirm within-run-order consistency of timing.
